[
    {
        "0": {
            "position": [
                0.0,
                0.0,
                0.0
            ],
            "rotation": [
                [
                    1.0,
                    0.0,
                    0.0
                ],
                [
                    0.0,
                    1.0,
                    0.0
                ],
                [
                    0.0,
                    0.0,
                    1.0
                ]
            ]
        },
        "1": {
            "position": [
                0.8271293044090271,
                -0.3341302275657654,
                -0.7524072527885437
            ],
            "rotation": [
                [
                    0.286514014005661,
                    0.9329363107681274,
                    0.21803534030914307
                ],
                [
                    0.9527275562286377,
                    -0.2534251809120178,
                    -0.16758787631988525
                ],
                [
                    -0.10109315812587738,
                    0.2557445466518402,
                    -0.9614440202713013
                ]
            ]
        },
        "2": {
            "position": [
                0.0,
                0.0,
                0.0
            ],
            "rotation": [
                [
                    0.9999383091926575,
                    -0.011109779588878155,
                    5.886084154804738e-12
                ],
                [
                    0.011108185164630413,
                    0.9997948408126831,
                    -0.016939010471105576
                ],
                [
                    0.00018818867101799697,
                    0.016937965527176857,
                    0.9998565316200256
                ]
            ]
        },
        "3": {
            "position": [
                -0.5315355658531189,
                0.06927667558193207,
                -1.3418940305709839
            ],
            "rotation": [
                [
                    0.13753359019756317,
                    0.7154032588005066,
                    0.6850419640541077
                ],
                [
                    0.9089970588684082,
                    -0.3658938407897949,
                    0.1996142715215683
                ],
                [
                    0.39345744252204895,
                    0.5952475070953369,
                    -0.7006221413612366
                ]
            ]
        }
    },
    {
        "0": {
            "position": [
                0.0,
                0.0,
                0.0
            ],
            "rotation": [
                [
                    1.0,
                    0.0,
                    0.0
                ],
                [
                    0.0,
                    1.0,
                    0.0
                ],
                [
                    0.0,
                    0.0,
                    1.0
                ]
            ]
        },
        "1": {
            "position": [
                0.8270918726921082,
                -0.33410054445266724,
                -0.7523252964019775
            ],
            "rotation": [
                [
                    0.2865418493747711,
                    0.9329396486282349,
                    0.2179844230413437
                ],
                [
                    0.9527243971824646,
                    -0.25347399711608887,
                    -0.16753187775611877
                ],
                [
                    -0.10104374587535858,
                    0.2556839883327484,
                    -0.9614652991294861
                ]
            ]
        },
        "2": {
            "position": [
                0.0,
                0.0,
                0.0
            ],
            "rotation": [
                [
                    0.9999383091926575,
                    -0.011109779588878155,
                    5.886084154804738e-12
                ],
                [
                    0.011108185164630413,
                    0.9997948408126831,
                    -0.016939010471105576
                ],
                [
                    0.00018818867101799697,
                    0.016937965527176857,
                    0.9998565316200256
                ]
            ]
        },
        "3": {
            "position": [
                -0.5419683456420898,
                0.07414136826992035,
                -1.3480030298233032
            ],
            "rotation": [
                [
                    0.16549667716026306,
                    0.723232626914978,
                    0.6704813838005066
                ],
                [
                    0.9079261422157288,
                    -0.37718668580055237,
                    0.18275687098503113
                ],
                [
                    0.3850724697113037,
                    0.5785019993782043,
                    -0.7190648913383484
                ]
            ]
        }
    },
    {
        "0": {
            "position": [
                0.0,
                0.0,
                0.0
            ],
            "rotation": [
                [
                    1.0,
                    0.0,
                    0.0
                ],
                [
                    0.0,
                    1.0,
                    0.0
                ],
                [
                    0.0,
                    0.0,
                    1.0
                ]
            ]
        },
        "1": {
            "position": [
                0.8270919919013977,
                -0.33408859372138977,
                -0.7523125410079956
            ],
            "rotation": [
                [
                    0.2865923345088959,
                    0.932916522026062,
                    0.21801717579364777
                ],
                [
                    0.9527179002761841,
                    -0.2535378932952881,
                    -0.167472243309021
                ],
                [
                    -0.10096199810504913,
                    0.2557051479816437,
                    -0.9614682793617249
                ]
            ]
        },
        "2": {
            "position": [
                0.0,
                0.0,
                0.0
            ],
            "rotation": [
                [
                    0.9999383091926575,
                    -0.011109779588878155,
                    5.886084154804738e-12
                ],
                [
                    0.011108185164630413,
                    0.9997948408126831,
                    -0.016939010471105576
                ],
                [
                    0.00018818867101799697,
                    0.016937965527176857,
                    0.9998565316200256
                ]
            ]
        },
        "3": {
            "position": [
                -0.5534297823905945,
                0.08172963559627533,
                -1.3554424047470093
            ],
            "rotation": [
                [
                    0.17713236808776855,
                    0.7451550364494324,
                    0.6429369449615479
                ],
                [
                    0.9151159524917603,
                    -0.3651127815246582,
                    0.171041801571846
                ],
                [
                    0.36219725012779236,
                    0.558064877986908,
                    -0.7465764880180359
                ]
            ]
        }
    },
    {
        "0": {
            "position": [
                0.0,
                0.0,
                0.0
            ],
            "rotation": [
                [
                    1.0,
                    0.0,
                    0.0
                ],
                [
                    0.0,
                    1.0,
                    0.0
                ],
                [
                    0.0,
                    0.0,
                    1.0
                ]
            ]
        },
        "1": {
            "position": [
                0.8265050649642944,
                -0.33387020230293274,
                -0.7518237233161926
            ],
            "rotation": [
                [
                    0.28619393706321716,
                    0.9331229329109192,
                    0.21765689551830292
                ],
                [
                    0.9527601599693298,
                    -0.25302961468696594,
                    -0.167999729514122
                ],
                [
                    -0.10169075429439545,
                    0.2554553151130676,
                    -0.9614579081535339
                ]
            ]
        },
        "2": {
            "position": [
                0.0,
                0.0,
                0.0
            ],
            "rotation": [
                [
                    0.9999383091926575,
                    -0.011109779588878155,
                    5.886084154804738e-12
                ],
                [
                    0.011108185164630413,
                    0.9997948408126831,
                    -0.016939010471105576
                ],
                [
                    0.00018818867101799697,
                    0.016937965527176857,
                    0.9998565316200256
                ]
            ]
        },
        "3": {
            "position": [
                -0.5635772943496704,
                0.08983921259641647,
                -1.3638559579849243
            ],
            "rotation": [
                [
                    0.18870976567268372,
                    0.7516269683837891,
                    0.6320168972015381
                ],
                [
                    0.9154097437858582,
                    -0.36764493584632874,
                    0.16389629244804382
                ],
                [
                    0.355546772480011,
                    0.5476256608963013,
                    -0.7574248313903809
                ]
            ]
        }
    },
    {
        "0": {
            "position": [
                0.0,
                0.0,
                0.0
            ],
            "rotation": [
                [
                    1.0,
                    0.0,
                    0.0
                ],
                [
                    0.0,
                    1.0,
                    0.0
                ],
                [
                    0.0,
                    0.0,
                    1.0
                ]
            ]
        },
        "1": {
            "position": [
                0.826559841632843,
                -0.3338966965675354,
                -0.7518738508224487
            ],
            "rotation": [
                [
                    0.2861808240413666,
                    0.9331416487693787,
                    0.21759375929832458
                ],
                [
                    0.9527667164802551,
                    -0.25303515791893005,
                    -0.16795413196086884
                ],
                [
                    -0.10166611522436142,
                    0.25538134574890137,
                    -0.9614801406860352
                ]
            ]
        },
        "2": {
            "position": [
                0.0,
                0.0,
                0.0
            ],
            "rotation": [
                [
                    0.9999383091926575,
                    -0.011109779588878155,
                    5.886084154804738e-12
                ],
                [
                    0.011108185164630413,
                    0.9997948408126831,
                    -0.016939010471105576
                ],
                [
                    0.00018818867101799697,
                    0.016937965527176857,
                    0.9998565316200256
                ]
            ]
        },
        "3": {
            "position": [
                -0.5706135630607605,
                0.09805690497159958,
                -1.3717926740646362
            ],
            "rotation": [
                [
                    0.2095881849527359,
                    0.7512133717536926,
                    0.6259002685546875
                ],
                [
                    0.9126501083374023,
                    -0.3800247311592102,
                    0.1505017876625061
                ],
                [
                    0.35091662406921387,
                    0.5396845936775208,
                    -0.7652435898780823
                ]
            ]
        }
    },
    {
        "0": {
            "position": [
                0.0,
                0.0,
                0.0
            ],
            "rotation": [
                [
                    1.0,
                    0.0,
                    0.0
                ],
                [
                    0.0,
                    1.0,
                    0.0
                ],
                [
                    0.0,
                    0.0,
                    1.0
                ]
            ]
        },
        "1": {
            "position": [
                0.8265434503555298,
                -0.33390873670578003,
                -0.7518704533576965
            ],
            "rotation": [
                [
                    0.2862142026424408,
                    0.9331632256507874,
                    0.21745729446411133
                ],
                [
                    0.9527490735054016,
                    -0.2530721426010132,
                    -0.16799868643283844
                ],
                [
                    -0.10173780471086502,
                    0.25526586174964905,
                    -0.9615032076835632
                ]
            ]
        },
        "2": {
            "position": [
                0.0,
                0.0,
                0.0
            ],
            "rotation": [
                [
                    0.9999383091926575,
                    -0.011109779588878155,
                    5.886084154804738e-12
                ],
                [
                    0.011108185164630413,
                    0.9997948408126831,
                    -0.016939010471105576
                ],
                [
                    0.00018818867101799697,
                    0.016937965527176857,
                    0.9998565316200256
                ]
            ]
        },
        "3": {
            "position": [
                -0.5747732520103455,
                0.10609588027000427,
                -1.3798456192016602
            ],
            "rotation": [
                [
                    0.2113894820213318,
                    0.7638708353042603,
                    0.6097669005393982
                ],
                [
                    0.9194678664207458,
                    -0.36700889468193054,
                    0.14100748300552368
                ],
                [
                    0.33150145411491394,
                    0.5308536291122437,
                    -0.7799364924430847
                ]
            ]
        }
    },
    {
        "0": {
            "position": [
                0.0,
                0.0,
                0.0
            ],
            "rotation": [
                [
                    1.0,
                    0.0,
                    0.0
                ],
                [
                    0.0,
                    1.0,
                    0.0
                ],
                [
                    0.0,
                    0.0,
                    1.0
                ]
            ]
        },
        "1": {
            "position": [
                0.8264605402946472,
                -0.333859920501709,
                -0.75182044506073
            ],
            "rotation": [
                [
                    0.28622373938560486,
                    0.933181643486023,
                    0.21736568212509155
                ],
                [
                    0.9527417421340942,
                    -0.25308647751808167,
                    -0.16801860928535461
                ],
                [
                    -0.10177955776453018,
                    0.25518426299095154,
                    -0.9615204930305481
                ]
            ]
        },
        "2": {
            "position": [
                0.0,
                0.0,
                0.0
            ],
            "rotation": [
                [
                    0.9999383091926575,
                    -0.011109779588878155,
                    5.886084154804738e-12
                ],
                [
                    0.011108185164630413,
                    0.9997948408126831,
                    -0.016939010471105576
                ],
                [
                    0.00018818867101799697,
                    0.016937965527176857,
                    0.9998565316200256
                ]
            ]
        },
        "3": {
            "position": [
                -0.5776743292808533,
                0.11278632283210754,
                -1.3881895542144775
            ],
            "rotation": [
                [
                    0.21294912695884705,
                    0.7719632983207703,
                    0.5989367365837097
                ],
                [
                    0.9189422130584717,
                    -0.36650723218917847,
                    0.14566199481487274
                ],
                [
                    0.33196043968200684,
                    0.5193697214126587,
                    -0.7874370217323303
                ]
            ]
        }
    },
    {
        "0": {
            "position": [
                0.0,
                0.0,
                0.0
            ],
            "rotation": [
                [
                    1.0,
                    0.0,
                    0.0
                ],
                [
                    0.0,
                    1.0,
                    0.0
                ],
                [
                    0.0,
                    0.0,
                    1.0
                ]
            ]
        },
        "1": {
            "position": [
                0.8270183205604553,
                -0.3340761065483093,
                -0.7522711753845215
            ],
            "rotation": [
                [
                    0.28652721643447876,
                    0.9329851865768433,
                    0.21780884265899658
                ],
                [
                    0.952725350856781,
                    -0.2534828186035156,
                    -0.16751329600811005
                ],
                [
                    -0.10107661038637161,
                    0.2555091381072998,
                    -0.9615083336830139
                ]
            ]
        },
        "2": {
            "position": [
                0.0,
                0.0,
                0.0
            ],
            "rotation": [
                [
                    0.9999383091926575,
                    -0.011109779588878155,
                    5.886084154804738e-12
                ],
                [
                    0.011108185164630413,
                    0.9997948408126831,
                    -0.016939010471105576
                ],
                [
                    0.00018818867101799697,
                    0.016937965527176857,
                    0.9998565316200256
                ]
            ]
        },
        "3": {
            "position": [
                -0.5790738463401794,
                0.11935120075941086,
                -1.3975725173950195
            ],
            "rotation": [
                [
                    0.21088971197605133,
                    0.7850417494773865,
                    0.5824387073516846
                ],
                [
                    0.9247929453849792,
                    -0.353261262178421,
                    0.14129497110843658
                ],
                [
                    0.3166755437850952,
                    0.5088375806808472,
                    -0.800500214099884
                ]
            ]
        }
    },
    {
        "0": {
            "position": [
                0.0,
                0.0,
                0.0
            ],
            "rotation": [
                [
                    1.0,
                    0.0,
                    0.0
                ],
                [
                    0.0,
                    1.0,
                    0.0
                ],
                [
                    0.0,
                    0.0,
                    1.0
                ]
            ]
        },
        "1": {
            "position": [
                0.8271022439002991,
                -0.3341050148010254,
                -0.7523519396781921
            ],
            "rotation": [
                [
                    0.28652188181877136,
                    0.932983934879303,
                    0.21782127022743225
                ],
                [
                    0.9527335166931152,
                    -0.2534921169281006,
                    -0.16745272278785706
                ],
                [
                    -0.10101471096277237,
                    0.2555044889450073,
                    -0.9615160822868347
                ]
            ]
        },
        "2": {
            "position": [
                0.0,
                0.0,
                0.0
            ],
            "rotation": [
                [
                    0.9999383091926575,
                    -0.011109779588878155,
                    5.886084154804738e-12
                ],
                [
                    0.011108185164630413,
                    0.9997948408126831,
                    -0.016939010471105576
                ],
                [
                    0.00018818867101799697,
                    0.016937965527176857,
                    0.9998565316200256
                ]
            ]
        },
        "3": {
            "position": [
                -0.5797808766365051,
                0.12453822046518326,
                -1.407455325126648
            ],
            "rotation": [
                [
                    0.21127013862133026,
                    0.7950575351715088,
                    0.5685492753982544
                ],
                [
                    0.9253973364830017,
                    -0.3499549329280853,
                    0.1455029994249344
                ],
                [
                    0.31464993953704834,
                    0.4953936040401459,
                    -0.8096791505813599
                ]
            ]
        }
    },
    {
        "0": {
            "position": [
                0.0,
                0.0,
                0.0
            ],
            "rotation": [
                [
                    1.0,
                    0.0,
                    0.0
                ],
                [
                    0.0,
                    1.0,
                    0.0
                ],
                [
                    0.0,
                    0.0,
                    1.0
                ]
            ]
        },
        "1": {
            "position": [
                0.8272320032119751,
                -0.3341510593891144,
                -0.7525017261505127
            ],
            "rotation": [
                [
                    0.2864130735397339,
                    0.933010995388031,
                    0.2178484946489334
                ],
                [
                    0.9527536034584045,
                    -0.25335225462913513,
                    -0.1675499677658081
                ],
                [
                    -0.10113354027271271,
                    0.2555444538593292,
                    -0.9614929556846619
                ]
            ]
        },
        "2": {
            "position": [
                0.0,
                0.0,
                0.0
            ],
            "rotation": [
                [
                    0.9999383091926575,
                    -0.011109779588878155,
                    5.886084154804738e-12
                ],
                [
                    0.011108185164630413,
                    0.9997948408126831,
                    -0.016939010471105576
                ],
                [
                    0.00018818867101799697,
                    0.016937965527176857,
                    0.9998565316200256
                ]
            ]
        },
        "3": {
            "position": [
                -0.5803850293159485,
                0.13038496673107147,
                -1.418702483177185
            ],
            "rotation": [
                [
                    0.21582691371440887,
                    0.7994924783706665,
                    0.5605625510215759
                ],
                [
                    0.9283132553100586,
                    -0.3460058271884918,
                    0.13606728613376617
                ],
                [
                    0.30274274945259094,
                    0.4910106658935547,
                    -0.8168568015098572
                ]
            ]
        }
    },
    {
        "0": {
            "position": [
                0.0,
                0.0,
                0.0
            ],
            "rotation": [
                [
                    1.0,
                    0.0,
                    0.0
                ],
                [
                    0.0,
                    1.0,
                    0.0
                ],
                [
                    0.0,
                    0.0,
                    1.0
                ]
            ]
        },
        "1": {
            "position": [
                0.8267396688461304,
                -0.3339235782623291,
                -0.7519632577896118
            ],
            "rotation": [
                [
                    0.28592780232429504,
                    0.9332367181777954,
                    0.21751879155635834
                ],
                [
                    0.9528427124023438,
                    -0.2528088688850403,
                    -0.1678638905286789
                ],
                [
                    -0.10166605561971664,
                    0.25525814294815063,
                    -0.9615128636360168
                ]
            ]
        },
        "2": {
            "position": [
                0.0,
                0.0,
                0.0
            ],
            "rotation": [
                [
                    0.9999383091926575,
                    -0.011109779588878155,
                    5.886084154804738e-12
                ],
                [
                    0.011108185164630413,
                    0.9997948408126831,
                    -0.016939010471105576
                ],
                [
                    0.00018818867101799697,
                    0.016937965527176857,
                    0.9998565316200256
                ]
            ]
        },
        "3": {
            "position": [
                -0.5805842876434326,
                0.1355559527873993,
                -1.4295507669448853
            ],
            "rotation": [
                [
                    0.21597075462341309,
                    0.8046550154685974,
                    0.5530703663825989
                ],
                [
                    0.9319807291030884,
                    -0.3387901484966278,
                    0.12896867096424103
                ],
                [
                    0.29115015268325806,
                    0.4875975251197815,
                    -0.8230916857719421
                ]
            ]
        }
    },
    {
        "0": {
            "position": [
                0.0,
                0.0,
                0.0
            ],
            "rotation": [
                [
                    1.0,
                    0.0,
                    0.0
                ],
                [
                    0.0,
                    1.0,
                    0.0
                ],
                [
                    0.0,
                    0.0,
                    1.0
                ]
            ]
        },
        "1": {
            "position": [
                0.8266591429710388,
                -0.3339459002017975,
                -0.7519674897193909
            ],
            "rotation": [
                [
                    0.28593653440475464,
                    0.9332211017608643,
                    0.21757417917251587
                ],
                [
                    0.9528355002403259,
                    -0.25279566645622253,
                    -0.16792473196983337
                ],
                [
                    -0.10170909017324448,
                    0.2553282082080841,
                    -0.961489737033844
                ]
            ]
        },
        "2": {
            "position": [
                0.0,
                0.0,
                0.0
            ],
            "rotation": [
                [
                    0.9999383091926575,
                    -0.011109779588878155,
                    5.886084154804738e-12
                ],
                [
                    0.011108185164630413,
                    0.9997948408126831,
                    -0.016939010471105576
                ],
                [
                    0.00018818867101799697,
                    0.016937965527176857,
                    0.9998565316200256
                ]
            ]
        },
        "3": {
            "position": [
                -0.5807827115058899,
                0.14033617079257965,
                -1.440773367881775
            ],
            "rotation": [
                [
                    0.22170379757881165,
                    0.8015884160995483,
                    0.5552507042884827
                ],
                [
                    0.932408332824707,
                    -0.3409382104873657,
                    0.11989860981702805
                ],
                [
                    0.28541556000709534,
                    0.49113842844963074,
                    -0.8229949474334717
                ]
            ]
        }
    },
    {
        "0": {
            "position": [
                0.0,
                0.0,
                0.0
            ],
            "rotation": [
                [
                    1.0,
                    0.0,
                    0.0
                ],
                [
                    0.0,
                    1.0,
                    0.0
                ],
                [
                    0.0,
                    0.0,
                    1.0
                ]
            ]
        },
        "1": {
            "position": [
                0.8273453116416931,
                -0.3341897130012512,
                -0.7526124715805054
            ],
            "rotation": [
                [
                    0.2864508032798767,
                    0.9329999089241028,
                    0.21784619987010956
                ],
                [
                    0.9527385234832764,
                    -0.2533790171146393,
                    -0.16759514808654785
                ],
                [
                    -0.10116859525442123,
                    0.2555582523345947,
                    -0.9614856243133545
                ]
            ]
        },
        "2": {
            "position": [
                0.0,
                0.0,
                0.0
            ],
            "rotation": [
                [
                    0.9999383091926575,
                    -0.011109779588878155,
                    5.886084154804738e-12
                ],
                [
                    0.011108185164630413,
                    0.9997948408126831,
                    -0.016939010471105576
                ],
                [
                    0.00018818867101799697,
                    0.016937965527176857,
                    0.9998565316200256
                ]
            ]
        },
        "3": {
            "position": [
                -0.5793833136558533,
                0.14566923677921295,
                -1.452946424484253
            ],
            "rotation": [
                [
                    0.22859308123588562,
                    0.8033837676048279,
                    0.5498359203338623
                ],
                [
                    0.9332152009010315,
                    -0.341665655374527,
                    0.11123725771903992
                ],
                [
                    0.2772263288497925,
                    0.48768725991249084,
                    -0.8278323411941528
                ]
            ]
        }
    },
    {
        "0": {
            "position": [
                0.0,
                0.0,
                0.0
            ],
            "rotation": [
                [
                    1.0,
                    0.0,
                    0.0
                ],
                [
                    0.0,
                    1.0,
                    0.0
                ],
                [
                    0.0,
                    0.0,
                    1.0
                ]
            ]
        },
        "1": {
            "position": [
                0.827339231967926,
                -0.3341789245605469,
                -0.7525731921195984
            ],
            "rotation": [
                [
                    0.28646281361579895,
                    0.932994544506073,
                    0.21785351634025574
                ],
                [
                    0.9527499079704285,
                    -0.25342702865600586,
                    -0.16745777428150177
                ],
                [
                    -0.10102721303701401,
                    0.25553035736083984,
                    -0.9615079164505005
                ]
            ]
        },
        "2": {
            "position": [
                0.0,
                0.0,
                0.0
            ],
            "rotation": [
                [
                    0.9999383091926575,
                    -0.011109779588878155,
                    5.886084154804738e-12
                ],
                [
                    0.011108185164630413,
                    0.9997948408126831,
                    -0.016939010471105576
                ],
                [
                    0.00018818867101799697,
                    0.016937965527176857,
                    0.9998565316200256
                ]
            ]
        },
        "3": {
            "position": [
                -0.5775690078735352,
                0.15099166333675385,
                -1.4657251834869385
            ],
            "rotation": [
                [
                    0.2351512610912323,
                    0.8018402457237244,
                    0.5493232011795044
                ],
                [
                    0.9323592185974121,
                    -0.34576842188835144,
                    0.10559488087892532
                ],
                [
                    0.27460891008377075,
                    0.48733583092689514,
                    -0.8289110064506531
                ]
            ]
        }
    },
    {
        "0": {
            "position": [
                0.0,
                0.0,
                0.0
            ],
            "rotation": [
                [
                    1.0,
                    0.0,
                    0.0
                ],
                [
                    0.0,
                    1.0,
                    0.0
                ],
                [
                    0.0,
                    0.0,
                    1.0
                ]
            ]
        },
        "1": {
            "position": [
                0.8273196816444397,
                -0.3341723680496216,
                -0.7525314092636108
            ],
            "rotation": [
                [
                    0.28630420565605164,
                    0.9330311417579651,
                    0.21790526807308197
                ],
                [
                    0.952800989151001,
                    -0.253275990486145,
                    -0.16739575564861298
                ],
                [
                    -0.1009952649474144,
                    0.2555464804172516,
                    -0.9615069627761841
                ]
            ]
        },
        "2": {
            "position": [
                0.0,
                0.0,
                0.0
            ],
            "rotation": [
                [
                    0.9999383091926575,
                    -0.011109779588878155,
                    5.886084154804738e-12
                ],
                [
                    0.011108185164630413,
                    0.9997948408126831,
                    -0.016939010471105576
                ],
                [
                    0.00018818867101799697,
                    0.016937965527176857,
                    0.9998565316200256
                ]
            ]
        },
        "3": {
            "position": [
                -0.5748305916786194,
                0.15732622146606445,
                -1.4794235229492188
            ],
            "rotation": [
                [
                    0.24554191529750824,
                    0.7969251275062561,
                    0.551923394203186
                ],
                [
                    0.9303432703018188,
                    -0.3536841571331024,
                    0.09679180383682251
                ],
                [
                    0.2723424434661865,
                    0.48971182107925415,
                    -0.828258216381073
                ]
            ]
        }
    },
    {
        "0": {
            "position": [
                0.0,
                0.0,
                0.0
            ],
            "rotation": [
                [
                    1.0,
                    0.0,
                    0.0
                ],
                [
                    0.0,
                    1.0,
                    0.0
                ],
                [
                    0.0,
                    0.0,
                    1.0
                ]
            ]
        },
        "1": {
            "position": [
                0.8272712230682373,
                -0.334154337644577,
                -0.7524433135986328
            ],
            "rotation": [
                [
                    0.28643500804901123,
                    0.9329798817634583,
                    0.21795272827148438
                ],
                [
                    0.9527580738067627,
                    -0.25338229537010193,
                    -0.16747914254665375
                ],
                [
                    -0.10102930665016174,
                    0.2556281089782715,
                    -0.9614816904067993
                ]
            ]
        },
        "2": {
            "position": [
                0.0,
                0.0,
                0.0
            ],
            "rotation": [
                [
                    0.9999383091926575,
                    -0.011109779588878155,
                    5.886084154804738e-12
                ],
                [
                    0.011108185164630413,
                    0.9997948408126831,
                    -0.016939010471105576
                ],
                [
                    0.00018818867101799697,
                    0.016937965527176857,
                    0.9998565316200256
                ]
            ]
