[
    {
        "0": {
            "position": [
                0.0,
                0.0,
                0.0
            ],
            "rotation": [
                [
                    1.0,
                    0.0,
                    0.0
                ],
                [
                    0.0,
                    1.0,
                    0.0
                ],
                [
                    0.0,
                    0.0,
                    1.0
                ]
            ]
        },
        "1": {
            "position": [
                0.8264471888542175,
                -0.33384209871292114,
                -0.7518191337585449
            ],
            "rotation": [
                [
                    0.28612497448921204,
                    0.9331670999526978,
                    0.21755807101726532
                ],
                [
                    0.9527820348739624,
                    -0.2529849410057068,
                    -0.16794298589229584
                ],
                [
                    -0.10167995095252991,
                    0.2553381025791168,
                    -0.9614901542663574
                ]
            ]
        },
        "2": {
            "position": [
                0.0,
                0.0,
                0.0
            ],
            "rotation": [
                [
                    0.9999383091926575,
                    -0.011109779588878155,
                    5.886084154804738e-12
                ],
                [
                    0.011108185164630413,
                    0.9997948408126831,
                    -0.016939010471105576
                ],
                [
                    0.00018818867101799697,
                    0.016937965527176857,
                    0.9998565316200256
                ]
            ]
        },
        "3": {
            "position": [
                0.016151048243045807,
                -0.12455005198717117,
                -1.2614409923553467
            ],
            "rotation": [
                [
                    0.04158176854252815,
                    -0.9863792061805725,
                    0.15914411842823029
                ],
                [
                    -0.9521299004554749,
                    0.009161150082945824,
                    0.30555614829063416
                ],
                [
                    -0.30285218358039856,
                    -0.16423143446445465,
                    -0.9387801885604858
                ]
            ]
        }
    },
    {
        "0": {
            "position": [
                0.0,
                0.0,
                0.0
            ],
            "rotation": [
                [
                    1.0,
                    0.0,
                    0.0
                ],
                [
                    0.0,
                    1.0,
                    0.0
                ],
                [
                    0.0,
                    0.0,
                    1.0
                ]
            ]
        },
        "1": {
            "position": [
                0.8271738290786743,
                -0.33410510420799255,
                -0.7524375915527344
            ],
            "rotation": [
                [
                    0.28654319047927856,
                    0.9329619407653809,
                    0.21788747608661652
                ],
                [
                    0.9527238607406616,
                    -0.25349220633506775,
                    -0.16750751435756683
                ],
                [
                    -0.10104534029960632,
                    0.2555847465991974,
                    -0.9614915251731873
                ]
            ]
        },
        "2": {
            "position": [
                0.0,
                0.0,
                0.0
            ],
            "rotation": [
                [
                    0.9999383091926575,
                    -0.011109779588878155,
                    5.886084154804738e-12
                ],
                [
                    0.011108185164630413,
                    0.9997948408126831,
                    -0.016939010471105576
                ],
                [
                    0.00018818867101799697,
                    0.016937965527176857,
                    0.9998565316200256
                ]
            ]
        },
        "3": {
            "position": [
                0.015197191387414932,
                -0.1260872632265091,
                -1.2714077234268188
            ],
            "rotation": [
                [
                    0.04718293622136116,
                    -0.9885449409484863,
                    0.1433616429567337
                ],
                [
                    -0.9517806768417358,
                    -0.0009382757707498968,
                    0.3067775368690491
                ],
                [
                    -0.3031288683414459,
                    -0.150923490524292,
                    -0.9409222602844238
                ]
            ]
        }
    },
    {
        "0": {
            "position": [
                0.0,
                0.0,
                0.0
            ],
            "rotation": [
                [
                    1.0,
                    0.0,
                    0.0
                ],
                [
                    0.0,
                    1.0,
                    0.0
                ],
                [
                    0.0,
                    0.0,
                    1.0
                ]
            ]
        },
        "1": {
            "position": [
                0.827041506767273,
                -0.3340878188610077,
                -0.7523047924041748
            ],
            "rotation": [
                [
                    0.28659889101982117,
                    0.9329542517662048,
                    0.21784695982933044
                ],
                [
                    0.9527003169059753,
                    -0.2535351812839508,
                    -0.16757625341415405
                ],
                [
                    -0.1011091098189354,
                    0.25557005405426025,
                    -0.9614887237548828
                ]
            ]
        },
        "2": {
            "position": [
                0.0,
                0.0,
                0.0
            ],
            "rotation": [
                [
                    0.9999383091926575,
                    -0.011109779588878155,
                    5.886084154804738e-12
                ],
                [
                    0.011108185164630413,
                    0.9997948408126831,
                    -0.016939010471105576
                ],
                [
                    0.00018818867101799697,
                    0.016937965527176857,
                    0.9998565316200256
                ]
            ]
        },
        "3": {
            "position": [
                0.015329942107200623,
                -0.12811094522476196,
                -1.282610535621643
            ],
            "rotation": [
                [
                    0.03365253657102585,
                    -0.9913870692253113,
                    0.12656649947166443
                ],
                [
                    -0.9519218802452087,
                    0.006786953192204237,
                    0.30626535415649414
                ],
                [
                    -0.3044865131378174,
                    -0.13078801333904266,
                    -0.9434946775436401
                ]
            ]
        }
    },
    {
        "0": {
            "position": [
                0.0,
                0.0,
                0.0
            ],
            "rotation": [
                [
                    1.0,
                    0.0,
                    0.0
                ],
                [
                    0.0,
                    1.0,
                    0.0
                ],
                [
                    0.0,
                    0.0,
                    1.0
                ]
            ]
        },
        "1": {
            "position": [
                0.8271231055259705,
                -0.3340533673763275,
                -0.7523384690284729
            ],
            "rotation": [
                [
                    0.2865946590900421,
                    0.932926595211029,
                    0.2179710865020752
                ],
                [
                    0.9527168869972229,
                    -0.2535474896430969,
                    -0.1674635261297226
                ],
                [
                    -0.10096514225006104,
                    0.255658894777298,
                    -0.9614802598953247
                ]
            ]
        },
        "2": {
            "position": [
                0.0,
                0.0,
                0.0
            ],
            "rotation": [
                [
                    0.9999383091926575,
                    -0.011109779588878155,
                    5.886084154804738e-12
                ],
                [
                    0.011108185164630413,
                    0.9997948408126831,
                    -0.016939010471105576
                ],
                [
                    0.00018818867101799697,
                    0.016937965527176857,
                    0.9998565316200256
                ]
            ]
        },
        "3": {
            "position": [
                0.016347605735063553,
                -0.12956692278385162,
                -1.2941579818725586
            ],
            "rotation": [
                [
                    0.04598894715309143,
                    -0.9933149218559265,
                    0.1058790385723114
                ],
                [
                    -0.9506859183311462,
                    -0.010975915007293224,
                    0.30996081233024597
                ],
                [
                    -0.3067265748977661,
                    -0.11491246521472931,
                    -0.9448352456092834
                ]
            ]
        }
    },
    {
        "0": {
            "position": [
                0.0,
                0.0,
                0.0
            ],
            "rotation": [
                [
                    1.0,
                    0.0,
                    0.0
                ],
                [
                    0.0,
                    1.0,
                    0.0
                ],
                [
                    0.0,
                    0.0,
                    1.0
                ]
            ]
        },
        "1": {
            "position": [
                0.8266670107841492,
                -0.3338581323623657,
                -0.7518911361694336
            ],
            "rotation": [
                [
                    0.286187082529068,
                    0.933139443397522,
                    0.21759505569934845
                ],
                [
                    0.9527660012245178,
                    -0.25304368138313293,
                    -0.1679454892873764
                ],
                [
                    -0.1016554981470108,
                    0.2553809881210327,
                    -0.9614813327789307
                ]
            ]
        },
        "2": {
            "position": [
                0.0,
                0.0,
                0.0
            ],
            "rotation": [
                [
                    0.9999383091926575,
                    -0.011109779588878155,
                    5.886084154804738e-12
                ],
                [
                    0.011108185164630413,
                    0.9997948408126831,
                    -0.016939010471105576
                ],
                [
                    0.00018818867101799697,
                    0.016937965527176857,
                    0.9998565316200256
                ]
            ]
        },
        "3": {
            "position": [
                0.016737215220928192,
                -0.13047157227993011,
                -1.3056066036224365
            ],
            "rotation": [
                [
                    0.03232951462268829,
                    -0.9940720200538635,
                    0.10380496829748154
                ],
                [
                    -0.9503176808357239,
                    0.001598446979187429,
                    0.3112773001194
                ],
                [
                    -0.30959799885749817,
                    -0.1087111309170723,
                    -0.9446325302124023
                ]
            ]
        }
    },
    {
        "0": {
            "position": [
                0.0,
                0.0,
                0.0
            ],
            "rotation": [
                [
                    1.0,
                    0.0,
                    0.0
                ],
                [
                    0.0,
                    1.0,
                    0.0
                ],
                [
                    0.0,
                    0.0,
                    1.0
                ]
            ]
        },
        "1": {
            "position": [
                0.8266384601593018,
                -0.3338538110256195,
                -0.751787543296814
            ],
            "rotation": [
                [
                    0.28612494468688965,
                    0.9331408143043518,
                    0.21767094731330872
                ],
                [
                    0.9527798891067505,
                    -0.252959281206131,
                    -0.16799359023571014
                ],
                [
                    -0.10169977694749832,
                    0.25545966625213623,
                    -0.961455762386322
                ]
            ]
        },
        "2": {
            "position": [
                0.0,
                0.0,
                0.0
            ],
            "rotation": [
                [
                    0.9999383091926575,
                    -0.011109779588878155,
                    5.886084154804738e-12
                ],
                [
                    0.011108185164630413,
                    0.9997948408126831,
                    -0.016939010471105576
                ],
                [
                    0.00018818867101799697,
                    0.016937965527176857,
                    0.9998565316200256
                ]
            ]
        },
        "3": {
            "position": [
                0.018261384218931198,
                -0.1308438926935196,
                -1.3179703950881958
            ],
            "rotation": [
                [
                    0.03374936059117317,
                    -0.9949758052825928,
                    0.0942549854516983
                ],
                [
                    -0.9471004605293274,
                    -0.0017230630619451404,
                    0.32093241810798645
                ],
                [
                    -0.31915760040283203,
                    -0.10010018199682236,
                    -0.9424001574516296
                ]
            ]
        }
    },
    {
        "0": {
            "position": [
                0.0,
                0.0,
                0.0
            ],
            "rotation": [
                [
                    1.0,
                    0.0,
                    0.0
                ],
                [
                    0.0,
                    1.0,
                    0.0
                ],
                [
                    0.0,
                    0.0,
                    1.0
                ]
            ]
        },
        "1": {
            "position": [
                0.8264786005020142,
                -0.3338640630245209,
                -0.7518100738525391
            ],
            "rotation": [
                [
                    0.28616443276405334,
                    0.933150589466095,
                    0.21757709980010986
                ],
                [
                    0.9527587890625,
                    -0.25299039483070374,
                    -0.16806639730930328
                ],
                [
                    -0.10178633779287338,
                    0.2553931176662445,
                    -0.9614642858505249
                ]
            ]
        },
        "2": {
            "position": [
                0.0,
                0.0,
                0.0
            ],
            "rotation": [
                [
                    0.9999383091926575,
                    -0.011109779588878155,
                    5.886084154804738e-12
                ],
                [
                    0.011108185164630413,
                    0.9997948408126831,
                    -0.016939010471105576
                ],
                [
                    0.00018818867101799697,
                    0.016937965527176857,
                    0.9998565316200256
                ]
            ]
        },
        "3": {
            "position": [
                0.01967000961303711,
                -0.12984594702720642,
                -1.3304585218429565
            ],
            "rotation": [
                [
                    0.04664253443479538,
                    -0.9951424598693848,
                    0.08669382333755493
                ],
                [
                    -0.9435217380523682,
                    -0.015391298569738865,
                    0.3309527337551117
                ],
                [
                    -0.32801079750061035,
                    -0.09723396599292755,
                    -0.9396564364433289
                ]
            ]
        }
    },
    {
        "0": {
            "position": [
                0.0,
                0.0,
                0.0
            ],
            "rotation": [
                [
                    1.0,
                    0.0,
                    0.0
                ],
                [
                    0.0,
                    1.0,
                    0.0
                ],
                [
                    0.0,
                    0.0,
                    1.0
                ]
            ]
        },
        "1": {
            "position": [
                0.827076256275177,
                -0.3340564966201782,
                -0.7523877620697021
            ],
            "rotation": [
                [
                    0.2865447402000427,
                    0.9329661130905151,
                    0.21786732971668243
                ],
                [
                    0.9527204632759094,
                    -0.25348997116088867,
                    -0.16753017902374268
                ],
                [
                    -0.10107279568910599,
                    0.255571573972702,
                    -0.9614921808242798
                ]
            ]
        },
        "2": {
            "position": [
                0.0,
                0.0,
                0.0
            ],
            "rotation": [
                [
                    0.9999383091926575,
                    -0.011109779588878155,
                    5.886084154804738e-12
                ],
                [
                    0.011108185164630413,
                    0.9997948408126831,
                    -0.016939010471105576
                ],
                [
                    0.00018818867101799697,
                    0.016937965527176857,
                    0.9998565316200256
                ]
            ]
        },
        "3": {
            "position": [
                0.02166559360921383,
                -0.12735135853290558,
                -1.3422948122024536
            ],
            "rotation": [
                [
                    0.033829543739557266,
                    -0.9960041046142578,
                    0.08265109360218048
                ],
                [
                    -0.9447800517082214,
                    -0.0048987590707838535,
                    0.32766827940940857
                ],
                [
                    -0.3259540796279907,
                    -0.08917195349931717,
                    -0.9411705732345581
                ]
            ]
        }
    },
    {
        "0": {
            "position": [
                0.0,
                0.0,
                0.0
            ],
            "rotation": [
                [
                    1.0,
                    0.0,
                    0.0
                ],
                [
                    0.0,
                    1.0,
                    0.0
                ],
                [
                    0.0,
                    0.0,
                    1.0
                ]
            ]
        },
        "1": {
            "position": [
                0.8270840048789978,
                -0.3341060280799866,
                -0.7523713707923889
            ],
            "rotation": [
                [
                    0.2865694761276245,
                    0.9329463243484497,
                    0.21791960299015045
                ],
                [
                    0.9527121782302856,
                    -0.25350189208984375,
                    -0.16755922138690948
                ],
                [
                    -0.10108073055744171,
                    0.25563204288482666,
                    -0.9614752531051636
                ]
            ]
        },
        "2": {
            "position": [
                0.0,
                0.0,
                0.0
            ],
            "rotation": [
                [
                    0.9999383091926575,
                    -0.011109779588878155,
                    5.886084154804738e-12
                ],
                [
                    0.011108185164630413,
                    0.9997948408126831,
                    -0.016939010471105576
                ],
                [
                    0.00018818867101799697,
                    0.016937965527176857,
                    0.9998565316200256
                ]
            ]
        },
        "3": {
            "position": [
                0.025231078267097473,
                -0.12392398715019226,
                -1.3547663688659668
            ],
            "rotation": [
                [
                    0.0343422032892704,
                    -0.9972269535064697,
                    0.06602194160223007
                ],
                [
                    -0.945828378200531,
                    -0.011089803650975227,
                    0.3244774043560028
                ],
                [
                    -0.322845458984375,
                    -0.07358866930007935,
                    -0.9435863494873047
                ]
            ]
        }
    },
    {
        "0": {
            "position": [
                0.0,
                0.0,
                0.0
            ],
            "rotation": [
                [
                    1.0,
                    0.0,
                    0.0
                ],
                [
                    0.0,
                    1.0,
                    0.0
                ],
                [
                    0.0,
                    0.0,
                    1.0
                ]
            ]
        },
        "1": {
            "position": [
                0.8269946575164795,
                -0.3339957892894745,
                -0.7521830797195435
            ],
            "rotation": [
                [
                    0.2865291237831116,
                    0.9329442977905273,
                    0.21798129379749298
                ],
                [
                    0.9527412056922913,
                    -0.2534952461719513,
                    -0.16740424931049347
                ],
                [
                    -0.10092160850763321,
                    0.2556459605693817,
                    -0.9614882469177246
                ]
            ]
        },
        "2": {
            "position": [
                0.0,
                0.0,
                0.0
            ],
            "rotation": [
                [
                    0.9999383091926575,
                    -0.011109779588878155,
                    5.886084154804738e-12
                ],
                [
                    0.011108185164630413,
                    0.9997948408126831,
                    -0.016939010471105576
                ],
                [
                    0.00018818867101799697,
                    0.016937965527176857,
                    0.9998565316200256
                ]
            ]
        },
        "3": {
            "position": [
                0.0284283384680748,
                -0.1199091300368309,
                -1.3667163848876953
            ],
            "rotation": [
                [
                    0.024482568725943565,
                    -0.9978995323181152,
                    0.059974346309900284
                ],
                [
                    -0.9497796297073364,
                    -0.004497150424867868,
                    0.31288695335388184
                ],
                [
                    -0.31196004152297974,
                    -0.0646226704120636,
                    -0.947894811630249
                ]
            ]
        }
    },
    {
        "0": {
            "position": [
                0.0,
                0.0,
                0.0
            ],
            "rotation": [
                [
                    1.0,
                    0.0,
                    0.0
                ],
                [
                    0.0,
                    1.0,
                    0.0
                ],
                [
                    0.0,
                    0.0,
                    1.0
                ]
            ]
        },
        "1": {
            "position": [
                0.8264091610908508,
                -0.3338279128074646,
                -0.7517375946044922
            ],
            "rotation": [
                [
                    0.28613555431365967,
                    0.9331411123275757,
                    0.21765562891960144
                ],
                [
                    0.9527953863143921,
                    -0.25301897525787354,
                    -0.1678158938884735
                ],
                [
                    -0.10152490437030792,
                    0.2553993761539459,
                    -0.961490273475647
                ]
            ]
        },
        "2": {
            "position": [
                0.0,
                0.0,
                0.0
            ],
            "rotation": [
                [
                    0.9999383091926575,
                    -0.011109779588878155,
                    5.886084154804738e-12
                ],
                [
                    0.011108185164630413,
                    0.9997948408126831,
                    -0.016939010471105576
                ],
                [
                    0.00018818867101799697,
                    0.016937965527176857,
                    0.9998565316200256
                ]
            ]
        },
        "3": {
            "position": [
                0.031739722937345505,
                -0.1161867082118988,
                -1.379285454750061
            ],
            "rotation": [
                [
                    0.01566886715590954,
                    -0.9983171224594116,
                    0.05583276227116585
                ],
                [
                    -0.953364908695221,
                    0.0019163168035447598,
                    0.30181363224983215
                ],
                [
                    -0.3014127314090729,
                    -0.05795805901288986,
                    -0.951730489730835
                ]
            ]
        }
    },
    {
        "0": {
            "position": [
                0.0,
                0.0,
                0.0
            ],
            "rotation": [
                [
                    1.0,
                    0.0,
                    0.0
                ],
                [
                    0.0,
                    1.0,
                    0.0
                ],
                [
                    0.0,
                    0.0,
                    1.0
                ]
            ]
        },
        "1": {
            "position": [
                0.826474130153656,
                -0.33385348320007324,
                -0.7518022060394287
            ],
            "rotation": [
                [
                    0.2861941158771515,
                    0.9330946803092957,
                    0.21777771413326263
                ],
                [
                    0.9527782201766968,
                    -0.25305357575416565,
                    -0.16786108911037445
                ],
                [
                    -0.1015208512544632,
                    0.25553473830223083,
                    -0.9614547491073608
                ]
            ]
        },
        "2": {
            "position": [
                0.0,
                0.0,
                0.0
            ],
            "rotation": [
                [
                    0.9999383091926575,
                    -0.011109779588878155,
                    5.886084154804738e-12
                ],
                [
                    0.011108185164630413,
                    0.9997948408126831,
                    -0.016939010471105576
                ],
                [
                    0.00018818867101799697,
                    0.016937965527176857,
                    0.9998565316200256
                ]
            ]
        },
        "3": {
            "position": [
                0.03467670828104019,
                -0.11246251314878464,
                -1.3940579891204834
            ],
            "rotation": [
                [
                    0.0245265681296587,
                    -0.9979428052902222,
                    0.05923253297805786
                ],
                [
                    -0.954230546951294,
                    -0.005704028531908989,
                    0.29901736974716187
                ],
                [
                    -0.29806438088417053,
                    -0.06385534256696701,
                    -0.9524073600769043
                ]
            ]
        }
    },
    {
        "0": {
            "position": [
                0.0,
                0.0,
                0.0
            ],
            "rotation": [
                [
                    1.0,
                    0.0,
                    0.0
                ],
                [
                    0.0,
                    1.0,
                    0.0
                ],
                [
                    0.0,
                    0.0,
                    1.0
                ]
            ]
        },
        "1": {
            "position": [
                0.8270298838615417,
                -0.334025502204895,
                -0.7522086501121521
            ],
            "rotation": [
                [
                    0.28648510575294495,
                    0.932906448841095,
                    0.21820102632045746
                ],
                [
                    0.9527583122253418,
                    -0.2534239888191223,
                    -0.1674146205186844
                ],
                [
                    -0.10088479518890381,
                    0.25585463643074036,
                    -0.9614366292953491
                ]
            ]
        },
        "2": {
            "position": [
                0.0,
                0.0,
                0.0
            ],
            "rotation": [
                [
                    0.9999383091926575,
                    -0.011109779588878155,
                    5.886084154804738e-12
                ],
                [
                    0.011108185164630413,
                    0.9997948408126831,
                    -0.016939010471105576
                ],
                [
                    0.00018818867101799697,
                    0.016937965527176857,
                    0.9998565316200256
                ]
            ]
        },
        "3": {
            "position": [
                0.0375903882086277,
                -0.10843751579523087,
                -1.4100308418273926
            ],
            "rotation": [
                [
                    0.026068931445479393,
                    -0.99711012840271,
                    0.07135587930679321
                ],
                [
                    -0.9574857354164124,
                    -0.004390789195895195,
                    0.288446843624115
                ],
                [
                    -0.2872999906539917,
                    -0.07584172487258911,
                    -0.9548332095146179
                ]
            ]
        }
    },
    {
        "0": {
            "position": [
                0.0,
                0.0,
                0.0
            ],
            "rotation": [
                [
                    1.0,
                    0.0,
                    0.0
                ],
                [
                    0.0,
                    1.0,
                    0.0
                ],
                [
                    0.0,
                    0.0,
                    1.0
                ]
            ]
        },
        "1": {
            "position": [
                0.8272709250450134,
                -0.33411508798599243,
                -0.7525003552436829
            ],
            "rotation": [
                [
                    0.2864997982978821,
                    0.9329015016555786,
                    0.21820305287837982
                ],
                [
                    0.9527429938316345,
                    -0.2534099519252777,
                    -0.16752298176288605
                ],
                [
                    -0.10098759829998016,
                    0.2558867335319519,
                    -0.9614172577857971
                ]
            ]
        },
        "2": {
            "position": [
                0.0,
                0.0,
                0.0
            ],
            "rotation": [
                [
                    0.9999383091926575,
                    -0.011109779588878155,
                    5.886084154804738e-12
                ],
                [
                    0.011108185164630413,
                    0.9997948408126831,
                    -0.016939010471105576
                ],
                [
                    0.00018818867101799697,
                    0.016937965527176857,
                    0.9998565316200256
                ]
            ]
        },
        "3": {
            "position": [
                0.04202437773346901,
                -0.10479337722063065,
                -1.427522897720337
            ],
            "rotation": [
                [
                    0.026404833421111107,
                    -0.9973857402801514,
                    0.06726330518722534
                ],
                [
                    -0.9608972668647766,
                    -0.006769905332475901,
                    0.27682214975357056
                ],
                [
                    -0.27564311027526855,
                    -0.07194255292415619,
                    -0.9585639238357544
                ]
            ]
        }
    },
    {
        "0": {
            "position": [
                0.0,
                0.0,
                0.0
            ],
            "rotation": [
                [
                    1.0,
                    0.0,
                    0.0
                ],
                [
                    0.0,
                    1.0,
                    0.0
                ],
                [
                    0.0,
                    0.0,
                    1.0
                ]
            ]
        },
        "1": {
            "position": [
                0.8272165060043335,
                -0.3340986371040344,
                -0.7523362040519714
            ],
            "rotation": [
                [
                    0.286492258310318,
                    0.9329368472099304,
                    0.2180616706609726
                ],
                [
                    0.9527432322502136,
                    -0.2534230053424835,
                    -0.16750188171863556
                ],
                [
                    -0.10100682824850082,
                    0.2557447850704193,
                    -0.9614530205726624
                ]
            ]
        },
        "2": {
            "position": [
                0.0,
                0.0,
                0.0
            ],
            "rotation": [
                [
                    0.9999383091926575,
                    -0.011109779588878155,
                    5.886084154804738e-12
                ],
                [
                    0.011108185164630413,
                    0.9997948408126831,
                    -0.016939010471105576
                ],
                [
                    0.00018818867101799697,
                    0.016937965527176857,
                    0.9998565316200256
                ]
            ]
        },
        "3": {
            "position": [
                0.045964956283569336,
                -0.10176656395196915,
                -1.4459072351455688
            ],
            "rotation": [
                [
                    0.024120142683386803,
                    -0.9971269965171814,
                    0.07180443406105042
                ],
                [
                    -0.9642879962921143,
                    -0.004255486186593771,
                    0.2648214101791382
                ],
                [
                    -0.26375502347946167,
                    -0.07562766969203949,
                    -0.9616202116012573
                ]
            ]
        }
    },
    {
        "0": {
            "position": [
                0.0,
                0.0,
                0.0
            ],
            "rotation": [
                [
                    1.0,
                    0.0,
                    0.0
                ],
                [
                    0.0,
                    1.0,
                    0.0
                ],
                [
                    0.0,
                    0.0,
                    1.0
                ]
            ]
        },
        "1": {
            "position": [
                0.8265791535377502,
                -0.3338575065135956,
                -0.7518977522850037
            ],
            "rotation": [
                [
                    0.286094069480896,
                    0.9331241250038147,
                    0.21778295934200287
                ],
                [
                    0.9527841806411743,
                    -0.2528972625732422,
                    -0.16806280612945557
                ],
                [
                    -0.10174673050642014,
                    0.25558194518089294,
                    -0.9614183306694031
                ]
            ]
        },
        "2": {
            "position": [
                0.0,
                0.0,
                0.0
            ],
            "rotation": [
                [
                    0.9999383091926575,
                    -0.011109779588878155,
                    5.886084154804738e-12
                ],
                [
                    0.011108185164630413,
                    0.9997948408126831,
                    -0.016939010471105576
                ],
                [
